image: bed_room.pgm
resolution: 0.050000
origin: [-2.496457, -2.439351, 0.000000]
negate: 0
occupied_thresh: 0.65
free_thresh: 0.196

